34 9 97 76 3 105 1 2 4 35 36 10
37 11 99 12 42 98 13 14 74 38 75 67
5 73 66 100 77 78 44 41 6 79 39 40
7 106 45 107 8 15 43 16 46 17 101 18
47 19 20 48 80 21 49 22 102 23 24 50
25 51 26 103 104 27 68 81 28 29 30 69
31 70 32 33 52 53 54 55 56 82 57 58
59 60 83 84 61 62 63 64 65 71 72 85
86 87 88 89 90 91 92 93 94 95 96 33
65 12 11 10 4 108 34 42 41 35 106 43
74 107 1 13 14 36 75 76 44 15 67 3
16 77 2 37 73 97 38 98 45 78 39 99
79 68 5 6 17 100 69 40 18 101 9 70
7 8 71 102 103 46 72 19 20 21 66 80
47 22 48 81 82 83 84 23 85 86 49 104
87 24 50 51 105 25 26 88 89 52 90 27
28 91 29 30 92 31 32 93 53 94 95 96
54 55 56 57 58 59 60 61 62 63 64 34
66 3 44 35 2 4 75 12 100 36 41 42
74 37 43 67 98 1 68 69 107 33 76 45
105 10 77 78 108 7 38 11 39 13 97 14
